37
Converged: True.
[11.79999741 22.69999502 32.69999284 38.47899586 43.35799909 47.33700253
 50.41600617 52.59501002 53.87401407 54.25301833 57.05301792 58.95301771]

113
Converged: True.
[11.79999687 22.69999395 32.69999123 37.07499042 40.54998982 43.12498942
 44.79998923 45.57498924 45.44998946 44.42498988 47.22498947 49.12498927]

147
Converged: True.
[11.79999662 22.69999344 32.69999046 36.91017523 40.22036021 42.63054539
 44.14073078 44.75091637 44.46110217 43.27128817 46.07128776 47.97128755]